Sniper
An 0.1 6 ufo
400
15.0
1
Sniper
MoveR -0.1 0.3 -0.1 -0.3
MoveR -0.1 0.3 -0.1 -0.3
MoveR -0.1 0.3 -0.1 -0.3
MoveR -0.1 0.3 -0.1 -0.3
MoveR -0.1 0.3 -0.1 -0.3
MoveR -0.1 0.3 -0.1 -0.3
MoveR -0.1 0.3 -0.1 -0.3
MoveR -0.1 0.3 -0.1 -0.3
MoveR -0.1 0.3 -0.1 -0.3
MoveR -0.1 0.3 -0.1 -0.3
MoveR -0.1 0.3 -0.1 -0.3
MoveR -0.1 0.3 -0.1 -0.3
MoveR -0.1 0.3 -0.1 -0.3
MoveR -0.1 0.3 -0.1 -0.3
MoveR -0.1 0.3 -0.1 -0.3
MoveR -0.1 0.3 -0.1 -0.3
MoveR -0.1 0.3 -0.1 -0.3
MoveR -0.1 0.3 -0.1 -0.3
MoveX -1.1

